euc_100-1591
17,59,77,37,58,71,44,90,42,78,35,89,67,40,94,3,82,91,51,14,23,49,31,68,83,69,47,95,6,76,5,24,39,21,81,92,34,96,74,27,60,28,11,72,26,16,22,97,54,1,63,48,41,29,36,98,20,88,75,73,8,46,32,66,12,25,2,93,70,79,87,43,50,61,30,9,55,64,15,84,33,86,52,13,18,10,85,57,4,19,38,0,65,56,7,53,45,80,62,99

euc_250,-,2689.15
234,207,78,47,242,187,49,116,237,246,154,14,62,138,239,177,23,200,214,46,180,39,136,65,130,50,210,148,162,45,40,84,22,124,95,38,233,219,143,144,90,156,108,3,173,37,81,72,73,93,215,224,240,68,236,36,243,106,149,67,2,0,157,64,204,167,232,97,247,217,186,55,103,135,8,128,174,211,225,129,206,145,33,42,74,88,89,164,197,199,100,1,153,120,123,60,122,26,16,71,195,166,223,59,86,52,169,21,80,11,117,193,83,127,176,185,220,111,125,235,102,212,56,229,203,63,79,18,231,132,230,32,57,113,208,10,133,126,115,192,141,118,5,20,175,238,139,142,30,183,151,179,105,222,198,159,104,58,19,69,4,53,168,77,248,41,184,101,92,99,201,9,28,70,112,152,155,75,205,109,27,244,170,228,245,140,226,202,194,158,66,76,51,96,44,121,12,147,189,6,165,87,181,82,34,190,114,163,134,54,160,7,178,241,119,91,221,17,171,182,29,196,15,61,98,48,94,209,213,131,107,150,137,31,43,191,85,161,25,13,172,218,146,24,188,35,216,227,110,249

euc_500,-,3747.66
45,281,273,481,98,117,75,114,448,140,247,479,350,296,212,200,184,461,298,215,22,401,338,352,226,138,162,331,494,462,9,413,146,202,157,180,411,363,230,421,346,278,372,316,364,416,87,185,463,443,211,447,209,189,280,423,249,15,354,380,337,386,476,287,355,375,402,297,5,155,193,119,251,77,37,404,227,439,51,378,344,313,104,369,208,192,289,7,6,210,488,60,418,438,164,414,219,11,63,326,417,406,213,261,282,43,317,19,246,291,269,319,18,181,356,233,38,485,321,48,250,359,166,252,99,107,392,270,381,39,493,303,399,225,284,118,149,277,116,72,264,419,238,231,3,425,91,384,55,147,409,125,201,255,68,124,290,74,135,2,361,304,228,333,130,374,480,445,33,236,235,179,25,58,436,329,396,330,111,142,275,214,339,366,169,258,453,424,382,218,435,163,182,100,477,62,26,223,93,112,81,388,177,398,345,318,170,187,301,358,293,28,158,422,44,311,167,131,310,491,165,272,351,484,454,224,433,188,389,429,207,441,415,470,109,82,466,403,129,353,486,97,59,139,150,437,243,29,432,473,234,349,393,8,12,35,267,434,271,457,78,73,229,199,256,71,262,283,299,41,105,341,66,92,17,471,370,259,371,452,427,128,80,56,469,143,121,85,196,323,152,348,36,245,472,96,451,126,220,237,253,110,260,292,412,498,175,115,334,0,4,365,394,489,127,194,216,300,102,32,302,496,24,367,385,79,122,478,490,257,241,450,174,383,186,368,456,390,76,322,431,156,120,57,50,276,294,94,474,332,426,320,90,154,308,492,279,312,123,407,482,173,467,387,171,40,197,285,465,408,191,377,108,101,360,455,23,248,148,206,405,305,397,286,487,222,254,468,449,475,295,64,54,495,151,141,144,47,53,217,306,14,343,440,27,400,347,274,265,10,168,103,31,153,268,240,195,328,460,324,446,335,376,49,70,178,172,106,483,132,183,232,391,327,176,67,84,42,307,497,190,16,86,34,444,13,46,113,242,395,221,205,1,266,198,89,83,30,315,379,357,137,203,263,428,325,244,69,239,309,342,288,442,459,373,204,145,134,20,410,88,159,430,136,362,21,340,65,336,420,464,95,133,314,160,61,161,458,52,499

noneuc_100-5294.12
89,56,86,70,67,34,75,21,64,22,45,54,66,8,76,79,98,80,72,32,93,26,47,13,15,84,10,57,73,78,11,4,3,46,25,2,19,42,49,37,41,83,16,38,24,81,63,82,68,12,1,23,9,90,61,62,53,14,97,85,44,31,77,33,39,96,48,52,92,55,71,60,95,5,20,40,30,18,94,0,50,29,27,43,65,6,51,69,17,58,91,28,74,88,35,87,59,36,7,99

noneuc_250-12957.1
151,80,39,184,10,229,199,113,74,150,5,30,200,166,241,73,158,204,140,178,222,44,233,218,6,110,177,145,170,12,163,174,89,84,194,108,208,72,91,54,101,26,66,63,205,55,36,45,155,94,213,239,186,13,56,148,32,142,106,34,64,123,243,61,103,67,86,83,196,20,116,235,185,220,209,135,52,15,197,169,29,92,223,122,37,31,154,42,11,59,130,38,183,3,159,99,203,60,69,172,19,35,120,157,57,245,126,146,141,114,181,79,246,162,9,62,119,1,180,96,212,93,228,27,8,7,95,58,144,210,17,53,192,236,104,136,211,188,176,98,207,160,161,242,88,128,41,70,47,129,40,14,127,87,85,4,0,102,221,153,124,156,244,132,175,133,201,121,198,216,78,231,112,46,224,187,143,111,227,168,107,247,195,105,219,202,125,75,65,118,230,171,43,21,167,109,225,226,214,139,24,238,68,179,191,164,173,48,134,190,193,76,240,100,33,25,149,131,248,232,217,189,115,2,90,206,28,152,77,147,16,82,97,137,215,81,234,50,51,182,71,117,18,22,23,165,138,237,49,249

noneuc_500,-,25689.9
487,281,318,175,221,52,97,232,385,260,299,197,71,146,264,475,144,65,95,100,24,426,354,132,238,217,348,35,94,86,148,23,291,245,307,60,320,338,420,141,429,243,324,37,9,102,379,434,468,289,486,361,51,19,182,394,465,296,360,481,211,104,88,111,209,99,244,160,454,380,234,226,400,2,447,229,28,414,273,294,186,44,6,422,450,496,183,125,323,472,257,489,356,91,397,461,349,49,342,372,266,335,222,153,90,17,279,198,446,120,423,70,26,206,332,157,464,265,152,81,240,27,176,275,497,455,442,5,55,147,165,445,63,395,300,355,53,123,334,150,72,171,377,87,80,457,359,317,253,292,149,258,170,277,326,252,301,483,366,315,357,121,47,403,204,20,276,77,122,478,269,255,415,131,490,365,32,56,280,386,340,331,485,341,311,375,68,347,363,108,30,207,367,484,66,374,172,469,124,136,140,237,467,339,427,282,456,411,297,201,473,410,337,325,193,139,220,295,443,215,313,194,474,383,284,118,376,437,103,439,494,393,438,96,190,177,210,137,413,173,261,84,353,242,432,188,46,110,316,419,392,16,435,303,128,476,329,174,495,112,298,308,314,239,463,85,196,268,107,105,11,15,89,214,10,179,29,189,61,154,185,346,178,69,470,498,491,164,285,134,328,192,263,388,43,151,13,278,155,235,135,459,130,251,350,452,184,477,225,399,33,218,114,14,312,159,167,22,161,62,57,31,371,169,310,351,441,58,287,246,54,436,4,345,41,48,162,138,381,302,39,75,327,21,129,127,223,322,262,283,8,460,444,92,358,440,480,479,425,417,293,449,407,369,163,330,304,187,390,101,40,352,119,453,370,433,67,117,74,0,249,195,466,109,64,319,50,168,166,305,38,471,191,203,73,231,431,405,25,79,364,227,389,158,458,248,492,34,336,362,241,200,321,391,493,247,36,202,219,145,208,83,406,384,7,216,133,59,1,230,224,404,290,116,106,82,3,42,93,142,156,309,199,387,143,382,18,462,126,306,344,270,408,286,430,180,409,368,418,288,233,12,402,250,76,212,378,98,267,271,213,488,272,412,448,256,45,274,428,259,115,343,482,401,78,205,236,333,421,396,416,373,228,451,113,424,254,181,398,499,